[ 7849.643757] [Project1] 4098 1588249964.599317933 1588249965.367140291
[ 7851.192648] [Project1] 4099 1588249966.161619311 1588249966.915971496
[ 7852.807349] [Project1] 4100 1588249967.748739190 1588249968.530612252
[ 7854.373294] [Project1] 4101 1588249969.318507504 1588249970.096498412
[ 7855.919843] [Project1] 4102 1588249970.873119857 1588249971.642988936
[ 7857.481168] [Project1] 4103 1588249972.425275233 1588249973.204254725
[ 7859.041993] [Project1] 4104 1588249973.988666134 1588249974.765021156
[ 7860.617662] [Project1] 4105 1588249975.558759809 1588249976.340629760
[ 7862.176206] [Project1] 4106 1588249977.116717504 1588249977.899114709
[ 7863.750483] [Project1] 4107 1588249978.693583909 1588249979.473332619

