[ 1270.464277] [Project1] 2416 1588497914.275189747 1588497915.808564611
[ 1271.211796] [Project1] 2417 1588497915.051183684 1588497916.556054885
[ 1272.013249] [Project1] 2418 1588497915.352909806 1588497917.357476955
[ 1323.575948] [Project1] 2435 1588497967.442581118 1588497968.918255641
[ 1324.311903] [Project1] 2436 1588497968.110333129 1588497969.654183942
[ 1325.117779] [Project1] 2437 1588497968.411407813 1588497970.460030891
[ 1403.080678] [Project1] 2453 1588498045.714398665 1588498048.420224235
[ 1403.212154] [Project1] 2454 1588498046.447175724 1588498048.551695551
[ 1403.409063] [Project1] 2455 1588498046.758132360 1588498048.748598125
[ 1496.024840] [Project1] 2475 1588498139.822221478 1588498141.361387318
[ 1496.757203] [Project1] 2476 1588498140.588896354 1588498142.093727520
[ 1497.573194] [Project1] 2477 1588498140.896580550 1588498142.909693078
[ 1567.291112] [Project1] 2494 1588498211.132041020 1588498212.625482614
[ 1568.100625] [Project1] 2495 1588498211.925165995 1588498213.434971637
[ 1587.857315] [Project1] 2513 1588498231.691727467 1588498233.191071755
[ 1588.628202] [Project1] 2514 1588498232.469564229 1588498233.961936612
[ 1699.698476] [Project1] 2559 1588498344.267450785 1588498345.028992408
[ 1700.428609] [Project1] 2558 1588498343.504041530 1588498345.759104645
[ 1701.230145] [Project1] 2560 1588498344.547249695 1588498346.560618687
[ 1796.052924] [Project1] 2592 1588498440.612587874 1588498441.380743569
[ 1796.842643] [Project1] 2591 1588498439.861761913 1588498442.170440729
[ 1797.610099] [Project1] 2593 1588498440.928096246 1588498442.937875225
[ 1819.208652] [Project1] 2609 1588498463.782553325 1588498464.535832219
[ 1819.964768] [Project1] 2608 1588498462.989335784 1588498465.291927870
[ 1820.787308] [Project1] 2610 1588498464.092992111 1588498466.114445563
[ 1848.115721] [Project1] 2629 1588498492.665160284 1588498493.442107727
[ 1848.889052] [Project1] 2628 1588498491.901288586 1588498494.215418198
[ 1849.610895] [Project1] 2630 1588498492.961038038 1588498494.937241643
[ 1907.591216] [Project1] 2656 1588498552.174464537 1588498552.915983555
[ 1908.361313] [Project1] 2655 1588498551.386313848 1588498553.686060254
[ 1909.134570] [Project1] 2657 1588498552.479343319 1588498554.459295553
[ 1922.606636] [Project1] 2663 1588498567.162484107 1588498567.930997878
[ 1923.382504] [Project1] 2664 1588498567.162573130 1588498568.706843850
[ 1924.097174] [Project1] 2665 1588498567.162628526 1588498569.421494509
[ 1924.815544] [Project1] 2666 1588498567.162682074 1588498570.139845445
[ 1925.622134] [Project1] 2667 1588498567.162735986 1588498570.946414466
[ 1941.905282] [Project1] 2671 1588498576.309988654 1588498587.229122023
[ 1944.312037] [Project1] 2672 1588498576.611929339 1588498589.635812684
[ 2770.958455] [Project1] 2890 1588499393.998211737 1588499416.249420392
[ 2773.117253] [Project1] 2888 1588499390.349601615 1588499418.408167977
[ 2773.902343] [Project1] 2889 1588499392.148154037 1588499419.193231460
[ 2786.410712] [Project1] 2893 1588499397.328496499 1588499431.701166745
[ 2789.540128] [Project1] 2892 1588499396.404113548 1588499434.830473875
[ 2791.155608] [Project1] 2891 1588499395.819187466 1588499436.445898104
[ 2953.934744] [Project1] 2924 1588499576.096412713 1588499599.219536375
[ 2956.608583] [Project1] 2922 1588499572.595777714 1588499601.893287243
[ 2957.237392] [Project1] 2923 1588499574.269007976 1588499602.522075908
[ 2969.808374] [Project1] 2927 1588499579.577416700 1588499615.092642972
[ 2973.036041] [Project1] 2926 1588499578.614725752 1588499618.320204713
[ 2974.483165] [Project1] 2925 1588499578.002439136 1588499619.767279999
[ 3190.547805] [Project1] 2958 1588499835.064279558 1588499835.824968641
[ 3191.324123] [Project1] 2957 1588499834.298763605 1588499836.601262092
[ 3192.097459] [Project1] 2959 1588499835.370326052 1588499837.374573283
[ 3281.859464] [Project1] 2967 1588499905.218301449 1588499927.133765023
[ 3284.665688] [Project1] 2965 1588499901.557876228 1588499929.939902212
[ 3285.379728] [Project1] 2966 1588499903.350473962 1588499930.653920118
[ 3297.716149] [Project1] 2970 1588499908.550299067 1588499942.989957539
[ 3301.156391] [Project1] 2969 1588499907.636379640 1588499946.430093700
[ 3301.737005] [Project1] 2968 1588499907.006405740 1588499947.010689179
[ 3401.018987] [Project1] 2997 1588500022.516528280 1588500046.289605719
[ 3403.257143] [Project1] 2999 1588500026.194829881 1588500048.527692997
[ 3406.362214] [Project1] 2998 1588500024.347111716 1588500051.632668519
[ 3418.612469] [Project1] 3002 1588500029.546750445 1588500063.882548227
[ 3421.306666] [Project1] 3001 1588500028.647019599 1588500066.576663596
[ 3423.174428] [Project1] 3000 1588500028.076901198 1588500068.444368237
[ 4202.483652] [Project1] 3082 1588500825.618162854 1588500847.726338785
[ 4205.122694] [Project1] 3080 1588500821.934088721 1588500850.365206718
[ 4205.736085] [Project1] 3081 1588500823.772236462 1588500850.978557641
[ 4217.935040] [Project1] 3085 1588500828.956263432 1588500863.176711614
[ 4221.432927] [Project1] 3084 1588500828.061806597 1588500866.674345415
[ 4222.925282] [Project1] 3083 1588500827.448454685 1588500868.166629211
[ 4273.914840] [Project1] 3106 1588500898.081979569 1588500919.152954443
[ 4276.046081] [Project1] 3104 1588500894.631104006 1588500921.284061642
[ 4276.657487] [Project1] 3105 1588500896.399750975 1588500921.895431325
[ 4288.425722] [Project1] 3109 1588500901.231227438 1588500933.662942944
[ 4291.683672] [Project1] 3108 1588500900.324947523 1588500936.920693595
[ 4293.135196] [Project1] 3107 1588500899.757465108 1588500938.372129336
[ 4701.447838] [Project1] 3244 1588501325.742343697 1588501346.663326170
[ 4703.914852] [Project1] 3242 1588501322.163890033 1588501349.130225999
[ 4704.775654] [Project1] 3243 1588501323.971941935 1588501349.990989014
[ 4759.884453] [Project1] 3300 1588501384.103647895 1588501405.097286647
[ 4762.071391] [Project1] 3298 1588501380.538467783 1588501407.284127315
[ 4762.863244] [Project1] 3299 1588501382.377137660 1588501408.075945375
[ 4774.254392] [Project1] 3303 1588501387.421276703 1588501419.466585312
[ 4777.964943] [Project1] 3302 1588501386.498411140 1588501423.176972283
[ 4779.383885] [Project1] 3301 1588501385.890190402 1588501424.595851255
[ 4855.293130] [Project1] 3335 1588501478.458062376 1588501500.501785392
[ 4857.591498] [Project1] 3331 1588501474.841220385 1588501502.800055669
[ 4858.362963] [Project1] 3334 1588501476.686508430 1588501503.571486829
[ 4870.713805] [Project1] 3338 1588501481.558355190 1588501515.921801122
[ 4873.628170] [Project1] 3337 1588501480.653631819 1588501518.836041927
[ 4874.890788] [Project1] 3336 1588501480.115885118 1588501520.098606292
[ 5102.292199] [Project1] 3371 1588501740.322802909 1588501747.490715149
[ 5103.037521] [Project1] 3372 1588501740.474402944 1588501748.236008938
[ 5103.809933] [Project1] 3373 1588501740.474477360 1588501749.008391048
[ 5114.594596] [Project1] 3370 1588501740.171421190 1588501759.792628081
[ 5120.652803] [Project1] 3374 1588501740.635590618 1588501765.850597753
[ 5122.973208] [Project1] 3369 1588501740.015998374 1588501768.170911962
[ 5126.218868] [Project1] 3368 1588501739.707433417 1588501771.416444364
[ 5197.909488] [Project1] 3386 1588501835.911546077 1588501843.104279328
[ 5198.613929] [Project1] 3387 1588501835.911656387 1588501843.808693058
[ 5200.833687] [Project1] 3389 1588501836.201427868 1588501846.028366261
[ 5210.464193] [Project1] 3384 1588501835.607249576 1588501855.658501305
[ 5217.016891] [Project1] 3388 1588501836.201337189 1588501862.210947978
[ 5219.239011] [Project1] 3385 1588501835.607322781 1588501864.432982600
[ 5223.687713] [Project1] 3381 1588501835.304286236 1588501868.881514354
[ 5797.343647] [Project1] 3611 1588502441.730361671 1588502442.516467387
[ 5798.109535] [Project1] 3612 1588502441.730422758 1588502443.282350170
[ 5798.875228] [Project1] 3613 1588502441.730502000 1588502444.048015987
[ 5799.603803] [Project1] 3614 1588502441.730581047 1588502444.776565602
[ 5800.443262] [Project1] 3615 1588502441.730659888 1588502445.615994984
