[ 6961.706284] [Project1] 4354 1588503606.065267560 1588503606.831440067
[ 6963.255956] [Project1] 4355 1588503607.609892833 1588503608.381051448
[ 6964.772888] [Project1] 4356 1588503609.121528468 1588503609.897922594
[ 6966.234337] [Project1] 4357 1588503610.644453845 1588503611.359314685
[ 6967.692112] [Project1] 4358 1588503612.073734829 1588503612.817032563
[ 6969.265785] [Project1] 4359 1588503613.621351651 1588503614.390643780
[ 6970.811352] [Project1] 4360 1588503615.166986235 1588503615.936149066
[ 6972.386373] [Project1] 4361 1588503616.735679220 1588503617.511108062
[ 6973.929489] [Project1] 4362 1588503618.281387239 1588503619.054163504
[ 6975.461283] [Project1] 4363 1588503619.804511975 1588503620.585897763

